0.9
1
1.3
1.4
1.6
1.7
2
3.0
3
4.0
4
4.1
4.3
5.0
5
5.1
5.2
5.4
6.0
6
6.1
6.2
6.3
6.6
6.7
7.0
7.7
7.8
8.0
8.1
8.4
9.2
9.4
9.5
9.6
9.7
10.2
11
11.3
12
12.0
12.1
13.0
13.1
13.4
14.5
14.7
14.9
15.0
15.1
15.8
17.5
17.8
18
18.5
19
19.1
20
21.1
22.1
22.9
23
23.0
23.2
24.9
25
25.0
25.6
26.0
26.2
28
28.1
28.2
28.3
29.4
29.9
30.0
30
30.3
30.9
31
31.0
31.1
31.2
31.3
31.5
31.6
31.7
31.9
32.1
32.2
32.6
32.7
32.9
33.3
33.4
33.6
34.3
34.4
35.1
35.3
35.5
36.0
36.1
36.8
37
37.0
37.7
38.0
38.2
38.3
38.9
39
39.2
39.3
39.6
39.9
40
40.0
40.3
40.4
40.8
41.3
41.9
42.4
42.8
43.0
43.3
43.6
44.0
44.2
44.6
45.0
45.4
46.0
46.4
46.9
47.3
47.4
48.0
50
51.1
52.1
56.0
59
60
64
70
72.4
74
74.9
75
79
95
99
100
111
112
119
119.2
120
131.8
136
177
245
245.1
262.7
290.6
300
508
585
1960
1962
1963
1965
1970
1971
1974
1976
1980
1988
1994
1999
2000
2001
2002
2003
2004
2005
2006
2007
2008
2009
2010
2011
2012
2013
2014
2015
2016
2017
2018
2020
2021
2022
2023
2024
2025
2026
2027
2030
5,929
